FORZA AJAJ
0.133274 0.093279 0.566491 0.0351487 1.38827 -1.52776 
FORZA AJAJ
0.133274 0.093279 0.566491 0.0351487 1.38827 -1.52776 
FORZA AJAJ
0.133274 0.093279 0.566491 0.0351487 1.38827 -1.52776 
FORZA AJAJ
0.133274 0.093279 0.566491 0.0351487 1.38827 -1.52776 
FORZA AJAJ
0.133274 0.093279 0.566491 0.0351487 1.38827 -1.52776 
FORZA AJAJ
0.133274 0.093279 0.566491 0.0351487 1.38827 -1.52776 
FORZA AJAJ
0.133274 0.093279 0.566491 0.0351487 1.38827 -1.52776 
FORZA AJAJ
0.133274 0.093279 0.566491 0.0351487 1.38827 -1.52776 
FORZA AJAJ
0.133274 0.093279 0.566491 0.0351487 1.38827 -1.52776 
FORZA AJAJ
0.133274 0.093279 0.566491 0.0351487 1.38827 -1.52776 
FORZA AJAJ
0.133274 0.093279 0.566491 0.0351487 1.38827 -1.52776 
FORZA AJAJ
0.133274 0.093279 0.566491 0.0351487 1.38827 -1.52776 
FORZA AJAJ
0.133274 0.093279 0.566491 0.0351487 1.38827 -1.52776 
FORZA AJAJ
0.133274 0.093279 0.566491 0.0351487 1.38827 -1.52776 
FORZA AJAJ
0.133274 0.093279 0.566491 0.0351487 1.38827 -1.52776 
FORZA AJAJ
0.133274 0.093279 0.566491 0.0351487 1.38827 -1.52776 
FORZA AJAJ
0.133274 0.093279 0.566491 0.0351487 1.38827 -1.52776 
FORZA AJAJ
0.133274 0.093279 0.566491 0.0351487 1.38827 -1.52776 
FORZA AJAJ
0.133274 0.093279 0.566491 0.0351487 1.38827 -1.52776 
FORZA AJAJ
0.133274 0.093279 0.566491 0.0351487 1.38827 -1.52776 
FORZA AJAJ
0.133274 0.093279 0.566491 0.0351487 1.38827 -1.52776 
FORZA AJAJ
0.133274 0.093279 0.566491 0.0351487 1.38827 -1.52776 
FORZA AJAJ
0.133274 0.093279 0.566491 0.0351487 1.38827 -1.52776 
FORZA AJAJ
0.133274 0.093279 0.566491 0.0351487 1.38827 -1.52776 
FORZA AJAJ
0.133274 0.093279 0.566491 0.0351487 1.38827 -1.52776 
FORZA AJAJ
0.133274 0.093279 0.566491 0.0351487 1.38827 -1.52776 
FORZA AJAJ
0.133274 0.093279 0.566491 0.0351487 1.38827 -1.52776 
FORZA AJAJ
0.133274 0.093279 0.566491 0.0351487 1.38827 -1.52776 
FORZA AJAJ
0.133274 0.093279 0.566491 0.0351487 1.38827 -1.52776 
FORZA AJAJ
0.133274 0.093279 0.566491 0.0351487 1.38827 -1.52776 
FORZA AJAJ
0.133274 0.093279 0.566491 0.0351487 1.38827 -1.52776 
FORZA AJAJ
0.133274 0.093279 0.566491 0.0351487 1.38827 -1.52776 
FORZA AJAJ
0.133274 0.093279 0.566491 0.0351487 1.38827 -1.52776 
FORZA AJAJ
0.133274 0.093279 0.566491 0.0351487 1.38827 -1.52776 
FORZA AJAJ
0.133274 0.093279 0.566491 0.0351487 1.38827 -1.52776 
FORZA AJAJ
0.133274 0.093279 0.566491 0.0351487 1.38827 -1.52776 
FORZA AJAJ
0.133274 0.093279 0.566491 0.0351487 1.38827 -1.52776 
FORZA AJAJ
0.133274 0.093279 0.566491 0.0351487 1.38827 -1.52776 
FORZA AJAJ
0.133274 0.093279 0.566491 0.0351487 1.38827 -1.52776 
FORZA AJAJ
0.133274 0.093279 0.566491 0.0351487 1.38827 -1.52776 
FORZA AJAJ
0.133274 0.093279 0.566491 0.0351487 1.38827 -1.52776 
FORZA AJAJ
0.133274 0.093279 0.566491 0.0351487 1.38827 -1.52776 
FORZA AJAJ
0.133274 0.093279 0.566491 0.0351487 1.38827 -1.52776 
FORZA AJAJ
0.133274 0.093279 0.566491 0.0351487 1.38827 -1.52776 
FORZA AJAJ
0.133274 0.093279 0.566491 0.0351487 1.38827 -1.52776 
FORZA AJAJ
0.133274 0.093279 0.566491 0.0351487 1.38827 -1.52776 
FORZA AJAJ
0.133274 0.093279 0.566491 0.0351487 1.38827 -1.52776 
FORZA AJAJ
0.133274 0.093279 0.566491 0.0351487 1.38827 -1.52776 
FORZA AJAJ
0.133274 0.093279 0.566491 0.0351487 1.38827 -1.52776 
FORZA AJAJ
0.133274 0.093279 0.566491 0.0351487 1.38827 -1.52776 
FORZA AJAJ
0.133274 0.093279 0.566491 0.0351487 1.38827 -1.52776 
FORZA AJAJ
0.133274 0.093279 0.566491 0.0351487 1.38827 -1.52776 
FORZA AJAJ
0.133274 0.093279 0.566491 0.0351487 1.38827 -1.52776 
FORZA AJAJ
0.133274 0.093279 0.566491 0.0351487 1.38827 -1.52776 
